0.053353251880702134
0.05441880713974749
0.05549081626990733
0.056577086280056574
0.05767012687427912
0.05877512636652169
0.059890998382943046
0.06101653548111539
0.062154266890422034
0.063299151791366
0.06445790898543252
0.0656254101588135
0.06680472977486807
0.06799483239273815
0.0691945751453086
0.07040270346381301
0.07162297665090961
0.07285443683520326
0.07409602845287493
0.0753465943339361
0.07661074082586378
0.0778816199376947
0.07916402786573781
0.08045699573577922
0.08176614881439084
0.08307717869901138
0.08440243079000674
0.08574123295892995
0.08708525646608029
0.08844078889183692
0.0898069151324652
0.09118263882556761
0.09257544899092761
0.09396729937981584
0.09538344143456697
0.09679605072113058
0.09823182711198429
0.09967108541812021
0.10112245929821014
0.10258514567090686
0.10405827263267431
0.10554089709762533
0.10703200256876806
0.10853049706967657
0.11004732034774954
0.111569786901707
0.113109376767334
0.11465260261407932
0.11621150493898895
0.11778563015312131
0.11936022917164
0.12094823415578132
0.12254901960784313
0.12416190712689347
0.12577034335303736
0.12740476493820868
0.1290489095367144
0.13070186903672723
0.13236267372600927
0.13403029084573112
0.13572204125950055
0.13741926618111858
0.1391207568169171
0.14084507042253522
0.142571998859424
0.14430014430014432
0.1460493646852636
0.14779781259237362
0.14958863126402394
0.15135462388375964
0.15313935681470137
0.1549426712116517
0.15676438313215238
0.1585791309863622
0.16041065126724416
0.1622586402725945
0.16412276382734287
0.16600265604249667
0.16786973308712438
0.16975046681378375
0.17164435290078958
0.17358097552508245
0.1755001755001755
0.17743080198722497
0.17937219730941703
0.1813236627379873
0.18328445747800584
0.1852537977028529
0.18726591760299627
0.18925056775170326
0.19124115509657677
0.19327406262079627
0.1953125
0.19735543714229326
0.19940179461615157
0.20149103364900262
0.2035416242621616
0.2056343820686819
0.2077274615704196
0.20986358866736618
0.21195421788893598
0.21408691928923146
0.2162629757785467
0.2183882943874208
0.22055580061755625
0.2227667631989307
0.2249212775528565
0.22716946842344388
0.22935779816513766
0.23158869847151461
0.2338087444470423
0.23607176581680828
0.23832221163012393
0.2406159769008662
0.24289531212047608
0.24515812699190975
0.24746349913387772
0.24981264051961027
0.2521432173474533
0.2544529262086514
0.25680534155110424
0.2592016588906169
0.26157467957101754
0.2639915522703274
0.2663825253063399
0.26881720430107525
0.27122321670735017
0.27367268746579093
0.27609055770292656
0.2785515320334262
0.2810567734682406
0.28352707683583783
0.28604118993135014
0.28860028860028863
0.29112081513828236
0.2936857562408223
0.2962085308056872
0.2987750224081267
0.3013863773357444
0.303951367781155
0.30656039239730226
0.30921459492888065
0.3118178983473652
0.31446540880503143
0.3171582619727244
0.3197953309881676
0.32247662044501774
0.3252032520325203
0.3278688524590164
0.3305785123966942
0.3333333333333333
0.3361344537815126
0.3388681802778719
0.341646737273659
0.34447123665173957
0.3473428273706148
0.350140056022409
0.35298270384751146
0.35587188612099646
0.35868005738880915
0.3615328994938539
0.3644314868804665
0.36737692872887584
0.37037037037037035
0.37327360955580435
0.3762227238525207
0.37921880925293894
0.382262996941896
0.38520801232665636
0.38819875776397517
0.39123630672926446
0.3943217665615142
0.397456279809221
0.40048057669203047
0.40371417036737983
0.4068348250610252
0.4098360655737705
0.41305245766212306
0.4163197335553705
0.41946308724832215
0.42265426880811496
0.42589437819420783
0.4291845493562232
0.432338953739732
0.4357298474945534
0.43898156277436345
0.44228217602830605
0.4456327985739751
0.44903457566232596
0.45228403437358655
0.45578851412944393
0.4591368227731864
0.46253469010175763
0.4662004662004662
0.4694835680751174
0.4730368968779565
0.47664442326024786
0.48007681228996635
0.4837929366231253
0.4873294346978557
0.4909180166912126
0.4945598417408506
0.49825610363726963
0.5017561465127948
0.5055611729019212
0.5091649694501018
0.5130836326321191
0.5167958656330749
0.5205622071837585
0.5243838489774515
0.5282620179609087
0.5319148936170213
0.5359056806002144
0.5399568034557236
0.5437737901033171
0.547645125958379
0.5518763796909492
0.5558643690939411
0.5599104143337066
0.5640157924421884
0.5678591709256104
0.5720823798627003
0.5763688760806917
0.5803830528148578
0.5847953216374269
0.5889281507656066
0.5931198102016607
0.5973715651135006
0.601684717208183
0.6060606060606061
0.6105006105006106
0.6150061500615006
0.6195786864931847
0.6238303181534622
0.6285355122564426
0.6329113924050632
0.6377551020408163
0.6422607578676943
0.6468305304010349
0.651890482398957
0.6565988181221273
0.6613756613756614
0.6662225183211193
0.6711409395973155
0.6756756756756757
0.6807351940095303
0.6858710562414266
0.6906077348066298
0.6958942240779401
0.7007708479327259
0.7062146892655368
0.7112375533428165
0.7168458781362007
0.7220216606498195
0.7272727272727273
0.7326007326007326
0.7380073800738007
0.7434944237918216
0.7490636704119851
0.7547169811320755
0.7604562737642586
0.7662835249042146
0.7716049382716049
0.7776049766718507
0.7836990595611285
0.7892659826361484
0.7955449482895783
0.8012820512820513
0.8077544426494346
0.8136696501220504
0.819672131147541
0.8264462809917356
0.832639467110741
0.8389261744966443
0.8453085376162299
0.8517887563884157
0.8583690987124464
0.8650519031141869
0.8718395815170008
0.8787346221441126
0.8857395925597874
0.8928571428571428
0.9000900090009001
0.9074410163339383
0.9140767824497257
0.9216589861751152
0.929368029739777
0.9363295880149812
0.9442870632672333
0.9514747859181732
0.9596928982725528
0.9671179883945841
0.9756097560975611
0.9832841691248771
0.9920634920634921
1.0
